40.200000      40.000197      96
40.200000      40.000197      87
40.200000      40.000197      97
40.200000      40.000197      90
40.200000      40.000198      95
40.200000      40.000198      93
40.200000      40.000198      93
40.200000      40.000198      72
40.200000      40.000198      96
40.200000      40.000198      93
40.200000      40.000198      71
40.200000      40.000198      74
40.200000      40.000198      90
40.200000      40.000198      88
40.200000      40.000198      107
40.200000      40.000198      13
40.200000      40.000198      13
40.200000      40.000198      13
40.200000      40.000198      13
40.200000      40.000198      13
40.200000      40.000198      13
40.200000      40.000198      13
40.200000      40.000198      13
40.200000      40.000198      13
40.200000      40.000198      13
40.200000      40.000198      13
40.200000      40.000198      13
40.200000      40.000198      12
40.200000      40.000198      13
40.200000      40.000198      14
40.200000      40.000198      14
40.200000      40.000198      14
40.200000      40.000198      14
40.200000      40.000199      14
40.200000      40.000199      15
40.200000      40.000199      75
40.200000      40.000199      89
40.200000      40.000199      93
40.200000      40.000199      93
40.200000      40.000199      88
40.200000      40.000199      96
40.200000      40.000199      96
40.200000      40.000199      95
40.200000      40.000199      74
40.200000      40.000199      114
40.200000      40.000199      73
40.200000      40.000199      74
40.200000      40.000199      72
40.200000      40.000199      75
40.200000      40.000199      72
40.200000      40.000199      137
40.200000      40.000200      109
40.200000      40.000200      80
40.200000      40.000200      110
40.200000      40.000200      113
40.200000      40.000200      92
40.200000      40.000200      70
40.200000      40.000200      87
40.200000      40.000200      92
40.200000      40.000200      99
40.200000      40.000200      74
40.200000      40.000200      77
40.200000      40.000200      75
40.200000      40.000200      75
40.200000      40.000200      84
40.200000      40.000200      76
40.200000      40.000201      84
40.200000      40.000201      91
40.200000      40.000201      91
40.200000      40.000201      27
40.200000      40.000201      26
40.200000      40.000201      18
40.200000      40.000201      18
40.200000      40.000201      16
40.200000      40.000201      12
40.200000      40.000201      12
40.200000      40.000201      12
40.200000      40.000201      12
40.200000      40.000201      11
40.200000      40.000201      12
40.200000      40.000201      12
40.200000      40.000201      12
40.200000      40.000201      12
40.200000      40.000201      11
40.200000      40.000201      11
40.200000      40.000201      10
40.200000      40.000201      11
40.200000      40.000201      11
40.200000      40.000201      12
40.200000      40.000201      12
40.200000      40.000201      12
40.200000      40.000201      11
40.200000      40.000201      11
40.200000      40.000201      95
40.200000      40.000201      60
40.200000      40.000201      12
40.200000      40.000201      90
40.200000      40.000201      16
40.200000      40.000201      14
40.200000      40.000201      15
40.200000      40.000201      19
40.200000      40.000201      14
40.200000      40.000201      73
40.200000      40.000201      15
40.200000      40.000201      15
40.200000      40.000202      19
40.200000      40.000202      42
40.200000      40.000202      16
40.200000      40.000202      103
40.200000      40.000202      12
40.200000      40.000202      18
40.200000      40.000202      76
40.200000      40.000202      16
40.200000      40.000202      16
40.200000      40.000202      16
40.200000      40.000202      74
40.200000      40.000202      70
40.200000      40.000202      102
40.200000      40.000202      93
40.200000      40.000202      17
40.200000      40.000202      105
40.200000      40.000202      74
40.200000      40.000202      17
40.200000      40.000202      119
40.200000      40.000202      83
40.200000      40.000202      18
40.200000      40.000202      18
40.200000      40.000202      73
40.200000      40.000203      104
40.200000      40.000203      3815
40.200000      40.000205      7
40.200000      40.000205      15
40.200000      40.000205      15
40.200000      40.000205      14
40.200000      40.000205      14
40.200000      40.000205      13
40.200000      40.000205      12
40.200000      40.000205      13
40.200000      40.000205      12
40.200000      40.000205      12
40.200000      40.000205      12
40.200000      40.000205      12
40.200000      40.000205      12
40.200000      40.000205      12
40.200000      40.000205      12
40.200000      40.000205      10
40.200000      40.000205      10
40.200000      40.000205      10
40.200000      40.000205      10
40.200000      40.000205      10
40.200000      40.000205      10
40.200000      40.000205      10
40.200000      40.000205      10
40.200000      40.000205      10
40.200000      40.000205      10
40.200000      40.000205      10
40.200000      40.000205      10
40.200000      40.000205      10
40.200000      40.000205      11
40.200000      40.000205      11
40.200000      40.000205      11
40.200000      40.000206      11
40.200000      40.000206      11
40.200000      40.000206      10
40.200000      40.000206      11
40.200000      40.000206      86
40.200000      40.000206      72
40.200000      40.000206      109
40.200000      40.000206      75
40.200000      40.000206      3813
40.200000      40.000208      8
40.200000      40.000208      17
40.200000      40.000208      15
40.200000      40.000208      18
40.200000      40.000208      16
40.200000      40.000208      15
40.200000      40.000208      15
40.200000      40.000208      15
40.200000      40.000208      14
40.200000      40.000208      14
40.200000      40.000208      13
40.200000      40.000208      14
40.200000      40.000208      14
40.200000      40.000208      12
40.200000      40.000208      12
40.200000      40.000208      12
40.200000      40.000208      12
40.200000      40.000208      13
40.200000      40.000208      14
40.200000      40.000208      14
40.200000      40.000208      15
40.200000      40.000208      14
40.200000      40.000208      14
40.200000      40.000209      15
40.200000      40.000209      14
40.200000      40.000209      14
40.200000      40.000209      12
40.200000      40.000209      12
40.200000      40.000209      13
40.200000      40.000209      12
40.200000      40.000209      12
40.200000      40.000209      12
40.200000      40.000209      12
40.200000      40.000209      12
40.200000      40.000209      14
40.200000      40.000209      14
40.200000      40.000209      15
40.200000      40.000209      15
40.200000      40.000209      16
40.200000      40.000209      17
40.200000      40.000209      18
40.200000      40.000209      18
40.200000      40.000209      18
40.200000      40.000209      18
40.200000      40.000209      15
40.200000      40.000209      15
40.200000      40.000209      15
40.200000      40.000209      15
40.200000      40.000209      15
40.200000      40.000209      18
40.200000      40.000209      3810
40.200000      40.000211      7
40.200000      40.000211      11
40.200000      40.000211      11
40.200000      40.000211      104
40.200000      40.000212      3805
40.200000      40.000214      8
40.200000      40.000214      11
40.200000      40.000214      12
40.200000      40.000214      18
40.200000      40.000214      18
40.200000      40.000214      73
40.200000      40.000214      72
40.200000      40.000214      18
40.200000      40.000214      18
40.200000      40.000214      11
40.200000      40.000214      11
40.200000      40.000214      11
40.200000      40.000214      16
40.200000      40.000214      3803
40.200000      40.000217      3
40.200000      40.000217      7
40.200000      40.000217      7
40.200000      40.000217      7
40.200000      40.000217      7
40.200000      40.000217      7
40.200000      40.000217      7
40.200000      40.000217      7
40.200000      40.000217      7
40.200000      40.000217      7
40.200000      40.000217      7
40.200000      40.000217      7
40.200000      40.000217      7
40.200000      40.000217      7
40.200000      40.000217      7
40.200000      40.000217      7
40.200000      40.000217      7
40.200000      40.000217      7
40.200000      40.000217      7
40.200000      40.000217      7
40.200000      40.000217      7
40.200000      40.000217      7
40.200000      40.000217      7
40.200000      40.000217      6
40.200000      40.000217      8
40.200000      40.000217      7
40.200000      40.000217      8
40.200000      40.000217      8
40.200000      40.000217      9
40.200000      40.000217      9
40.200000      40.000217      9
40.200000      40.000217      9
40.200000      40.000217      9
40.200000      40.000217      10
40.200000      40.000217      11
40.200000      40.000217      12
40.200000      40.000217      12
40.200000      40.000217      11
40.200000      40.000217      12
40.200000      40.000217      11
40.200000      40.000217      11
40.200000      40.000217      10
40.200000      40.000217      11
40.200000      40.000217      10
40.200000      40.000217      5
40.200000      40.000217      5
40.200000      40.000217      5
40.200000      40.000217      4
40.200000      40.000217      5
40.200000      40.000217      5
40.200000      40.000217      4
40.200000      40.000217      4
40.200000      40.000217      4
40.400000      40.000000      6
40.400000      40.000000      7
40.400000      40.000000      7
40.400000      40.000000      7
40.400000      40.000000      7
40.400000      40.000000      8
40.400000      40.000000      9
40.400000      40.000000      7
40.400000      40.000000      8
40.400000      40.000000      7
40.400000      40.000000      7
40.400000      40.000000      8
40.400000      40.000000      7
40.400000      40.000000      8
40.400000      40.000000      8
40.400000      40.000000      8
40.400000      40.000000      8
40.400000      40.000000      8
40.400000      40.000000      9
40.400000      40.000000      14
40.400000      40.000000      15
40.400000      40.000000      4
40.400000      40.000000      4
40.400000      40.000000      13
40.400000      40.000000      1339
40.400000      40.000001      11
40.400000      40.000001      6
40.400000      40.000001      6
40.400000      40.000001      6
40.400000      40.000001      5
40.400000      40.000001      5
40.400000      40.000001      6
40.400000      40.000001      6
40.400000      40.000001      6
40.400000      40.000001      6
40.400000      40.000001      7
40.400000      40.000001      7
40.400000      40.000001      7
40.400000      40.000001      6
40.400000      40.000001      7
40.400000      40.000001      7
40.400000      40.000001      6
40.400000      40.000001      6
40.400000      40.000001      8
40.400000      40.000001      6
40.400000      40.000001      8
40.400000      40.000001      8
40.400000      40.000002      7
40.400000      40.000002      7
40.400000      40.000002      6
40.400000      40.000002      6
40.400000      40.000002      6
40.400000      40.000002      6
40.400000      40.000002      6
40.400000      40.000002      6
40.400000      40.000002      6
40.400000      40.000002      6
40.400000      40.000002      7
40.400000      40.000002      7
40.400000      40.000002      8
40.400000      40.000002      8
40.400000      40.000002      7
40.400000      40.000002      7
40.400000      40.000002      6
40.400000      40.000002      6
40.400000      40.000002      6
40.400000      40.000002      7
40.400000      40.000002      7
40.400000      40.000002      7
40.400000      40.000002      7
40.400000      40.000002      7
40.400000      40.000002      7
40.400000      40.000002      7
40.400000      40.000002      7
40.400000      40.000002      7
40.400000      40.000002      7
40.400000      40.000002      7
40.400000      40.000002      7
40.400000      40.000002      7
40.400000      40.000002      7
40.400000      40.000002      7
40.400000      40.000002      7
40.400000      40.000002      7
40.400000      40.000002      7
40.400000      40.000002      7
40.400000      40.000002      7
40.400000      40.000002      7
40.400000      40.000002      7
40.400000      40.000002      7
40.400000      40.000002      7
40.400000      40.000002      6
40.400000      40.000002      7
40.400000      40.000002      7
40.400000      40.000002      7
40.400000      40.000002      7
40.400000      40.000002      7
40.400000      40.000002      7
40.400000      40.000002      7
40.400000      40.000002      7
40.400000      40.000002      6
40.400000      40.000002      6
40.400000      40.000002      6
40.400000      40.000002      6
40.400000      40.000002      6
40.400000      40.000002      6
40.400000      40.000002      6
40.400000      40.000002      7
40.400000      40.000002      7
40.400000      40.000002      7
40.400000      40.000002      7
40.400000      40.000002      7
40.400000      40.000002      7
40.400000      40.000002      7
40.400000      40.000002      7
40.400000      40.000002      7
40.400000      40.000002      7
40.400000      40.000002      7
40.400000      40.000002      7
40.400000      40.000002      7
40.400000      40.000002      7
40.400000      40.000002      7
40.400000      40.000002      7
40.400000      40.000002      7
40.400000      40.000002      7
40.400000      40.000002      7
40.400000      40.000002      7
40.400000      40.000002      7
40.400000      40.000002      7
40.400000      40.000002      7
40.400000      40.000002      7
40.400000      40.000002      7
40.400000      40.000002      7
40.400000      40.000003      6
40.400000      40.000003      6
40.400000      40.000003      6
40.400000      40.000003      7
40.400000      40.000003      6
40.400000      40.000003      6
40.400000      40.000003      6
40.400000      40.000003      7
40.400000      40.000003      6
40.400000      40.000003      7
40.400000      40.000003      7
40.400000      40.000003      7
40.400000      40.000003      6
40.400000      40.000003      6
40.400000      40.000003      6
40.400000      40.000003      6
40.400000      40.000003      6
40.400000      40.000003      6
40.400000      40.000003      6
40.400000      40.000003      7
40.400000      40.000003      6
40.400000      40.000003      6
40.400000      40.000003      6
40.400000      40.000003      6
40.400000      40.000003      6
40.400000      40.000003      7
40.400000      40.000003      6
40.400000      40.000003      6
40.400000      40.000003      7
40.400000      40.000003      6
40.400000      40.000003      6
40.400000      40.000003      6
40.400000      40.000003      6
40.400000      40.000003      6
40.400000      40.000003      6
40.400000      40.000003      6
40.400000      40.000003      6
40.400000      40.000003      6
40.400000      40.000003      6
40.400000      40.000003      6
40.400000      40.000003      6
40.400000      40.000003      7
40.400000      40.000003      7
40.400000      40.000003      7
40.400000      40.000003      7
40.400000      40.000003      7
40.400000      40.000003      7
40.400000      40.000003      6
40.400000      40.000003      6
40.400000      40.000003      6
40.400000      40.000003      7
40.400000      40.000003      7
40.400000      40.000003      6
40.400000      40.000003      7
40.400000      40.000003      7
40.400000      40.000003      7
40.400000      40.000003      7
40.400000      40.000003      8
40.400000      40.000003      8
40.400000      40.000003      9
40.400000      40.000003      7
40.400000      40.000003      7
40.400000      40.000003      8
40.400000      40.000003      8
40.400000      40.000003      6
40.400000      40.000003      6
40.400000      40.000003      6
40.400000      40.000003      7
40.400000      40.000003      6
40.400000      40.000003      6
40.400000      40.000003      6
40.400000      40.000003      6
40.400000      40.000003      7
40.400000      40.000003      7
40.400000      40.000003      6
40.400000      40.000003      7
40.400000      40.000003      7
40.400000      40.000003      8
40.400000      40.000003      7
40.400000      40.000003      8
40.400000      40.000003      8
40.400000      40.000003      7
40.400000      40.000003      8
40.400000      40.000003      7
40.400000      40.000004      7
40.400000      40.000004      6
40.400000      40.000004      6
40.400000      40.000004      6
40.400000      40.000004      7
40.400000      40.000004      6
40.400000      40.000004      7
40.400000      40.000004      7
40.400000      40.000004      7
40.400000      40.000004      6
40.400000      40.000004      5
40.400000      40.000004      5
40.400000      40.000004      6
40.400000      40.000004      7
40.400000      40.000004      7
40.400000      40.000004      11
40.400000      40.000004      11
40.400000      40.000004      4
40.400000      40.000004      9
40.400000      40.000004      4
40.400000      40.000004      4
40.400000      40.000004      5
40.400000      40.000004      4
40.400000      40.000004      11
40.400000      40.000004      13
40.400000      40.000004      428
40.400000      40.000004      4
40.400000      40.000004      5
40.400000      40.000004      4
40.400000      40.000004      4
40.400000      40.000004      4
40.400000      40.000004      4
40.400000      40.000004      4
40.400000      40.000004      4
40.400000      40.000004      5
40.400000      40.000004      13
40.400000      40.000004      9
40.400000      40.000004      8
40.400000      40.000004      8
40.400000      40.000004      8
40.400000      40.000004      7
40.400000      40.000004      8
40.400000      40.000004      8
40.400000      40.000004      8
40.400000      40.000004      8
40.400000      40.000004      8
40.400000      40.000004      7
40.400000      40.000004      7
40.400000      40.000004      6
40.400000      40.000004      7
40.400000      40.000004      5
40.400000      40.000004      5
40.400000      40.000004      6
40.400000      40.000004      6
40.400000      40.000004      5
40.400000      40.000004      6
40.400000      40.000004      5
40.400000      40.000004      5
40.400000      40.000004      5
40.400000      40.000004      5
40.400000      40.000004      4
40.400000      40.000004      5
40.400000      40.000005      5
40.400000      40.000005      4
40.400000      40.000005      4
40.400000      40.000005      4
40.400000      40.000005      4
40.400000      40.000005      4
40.400000      40.000005      4
40.400000      40.000005      4
40.400000      40.000005      5
40.400000      40.000005      4
40.400000      40.000005      4
40.400000      40.000005      5
40.400000      40.000005      5
40.400000      40.000005      5
40.400000      40.000005      5
40.400000      40.000005      5
40.400000      40.000005      5
40.400000      40.000005      5
40.400000      40.000005      5
40.400000      40.000005      5
40.400000      40.000005      5
40.400000      40.000005      5
40.400000      40.000005      5
40.400000      40.000005      5
40.400000      40.000005      5
40.400000      40.000005      5
40.400000      40.000005      5
40.400000      40.000005      5
40.400000      40.000005      5
40.400000      40.000005      4
40.400000      40.000005      4
40.400000      40.000005      5
40.400000      40.000005      5
40.400000      40.000005      4
40.400000      40.000005      4
40.400000      40.000005      5
40.400000      40.000005      5
40.400000      40.000005      5
40.400000      40.000005      5
40.400000      40.000005      5
40.400000      40.000005      5
40.400000      40.000005      5
40.400000      40.000005      5
40.400000      40.000005      5
40.400000      40.000005      5
40.400000      40.000005      5
40.400000      40.000005      6
40.400000      40.000005      5
40.400000      40.000005      5
40.400000      40.000005      5
40.400000      40.000005      5
40.400000      40.000005      5
40.400000      40.000005      5
40.400000      40.000005      5
40.400000      40.000005      5
40.400000      40.000005      5
40.400000      40.000005      5
40.400000      40.000005      5
40.400000      40.000005      5
40.400000      40.000005      5
40.400000      40.000005      5
40.400000      40.000005      5
40.400000      40.000005      5
40.400000      40.000005      5
40.400000      40.000005      5
40.400000      40.000005      5
40.400000      40.000005      5
40.400000      40.000005      5
40.400000      40.000005      5
40.400000      40.000005      5
40.400000      40.000005      6
40.400000      40.000005      6
40.400000      40.000005      5
40.400000      40.000005      6
40.400000      40.000005      6
40.400000      40.000005      6
40.400000      40.000005      6
40.400000      40.000005      6
40.400000      40.000005      6
40.400000      40.000005      6
40.400000      40.000005      6
40.400000      40.000005      6
40.400000      40.000005      6
40.400000      40.000005      6
40.400000      40.000005      6
40.400000      40.000005      6
40.400000      40.000005      6
40.400000      40.000005      6
40.400000      40.000005      6
40.400000      40.000005      6
40.400000      40.000005      6
40.400000      40.000005      6
40.400000      40.000005      6
40.400000      40.000006      6
40.400000      40.000006      6
40.400000      40.000006      6
40.400000      40.000006      6
40.400000      40.000006      6
40.400000      40.000006      6
40.400000      40.000006      6
40.400000      40.000006      6
40.400000      40.000006      5
40.400000      40.000006      5
40.400000      40.000006      5
40.400000      40.000006      5
40.400000      40.000006      5
40.400000      40.000006      6
40.400000      40.000006      6
40.400000      40.000006      6
40.400000      40.000006      6
40.400000      40.000006      6
40.400000      40.000006      6
40.400000      40.000006      6
40.400000      40.000006      6
40.400000      40.000006      6
40.400000      40.000006      5
40.400000      40.000006      5
40.400000      40.000006      5
40.400000      40.000006      5
40.400000      40.000006      5
40.400000      40.000006      5
40.400000      40.000006      5
40.400000      40.000006      5
40.400000      40.000006      5
40.400000      40.000006      5
40.400000      40.000006      5
40.400000      40.000006      5
40.400000      40.000006      5
40.400000      40.000006      5
40.400000      40.000006      5
40.400000      40.000006      5
40.400000      40.000006      5
40.400000      40.000006      5
40.400000      40.000006      5
40.400000      40.000006      5
40.400000      40.000006      5
40.400000      40.000006      5
40.400000      40.000006      6
40.400000      40.000006      6
40.400000      40.000006      6
40.400000      40.000006      6
40.400000      40.000006      5
40.400000      40.000006      5
40.400000      40.000006      5
40.400000      40.000006      5
40.400000      40.000006      5
40.400000      40.000006      5
40.400000      40.000006      5
40.400000      40.000006      5
40.400000      40.000006      5
40.400000      40.000006      5
40.400000      40.000006      5
40.400000      40.000006      5
40.400000      40.000006      5
40.400000      40.000006      5
40.400000      40.000006      5
40.400000      40.000006      5
40.400000      40.000006      5
40.400000      40.000006      5
40.400000      40.000006      5
40.400000      40.000006      5
40.400000      40.000006      5
40.400000      40.000006      5
40.400000      40.000006      5
40.400000      40.000006      5
40.400000      40.000006      5
40.400000      40.000006      5
40.400000      40.000006      5
40.400000      40.000006      5
40.400000      40.000006      5
40.400000      40.000006      5
40.400000      40.000006      5
40.400000      40.000006      5
40.400000      40.000006      5
40.400000      40.000006      5
40.400000      40.000006      5
40.400000      40.000006      5
40.400000      40.000006      5
40.400000      40.000006      5
40.400000      40.000006      5
40.400000      40.000006      5
40.400000      40.000006      5
40.400000      40.000006      5
40.400000      40.000007      5
40.400000      40.000007      5
40.400000      40.000007      5
40.400000      40.000007      5
40.400000      40.000007      5
40.400000      40.000007      5
40.400000      40.000007      5
40.400000      40.000007      5
40.400000      40.000007      5
40.400000      40.000007      5
40.400000      40.000007      5
40.400000      40.000007      5
40.400000      40.000007      5
40.400000      40.000007      5
40.400000      40.000007      5
40.400000      40.000007      6
40.400000      40.000007      6
40.400000      40.000007      6
40.400000      40.000007      6
40.400000      40.000007      6
40.400000      40.000007      6
40.400000      40.000007      6
40.400000      40.000007      6
40.400000      40.000007      6
40.400000      40.000007      6
40.400000      40.000007      7
40.400000      40.000007      6
40.400000      40.000007      6
40.400000      40.000007      7
40.400000      40.000007      7
40.400000      40.000007      7
40.400000      40.000007      7
40.400000      40.000007      7
40.400000      40.000007      7
40.400000      40.000007      7
40.400000      40.000007      7
40.400000      40.000007      7
40.400000      40.000007      7
40.400000      40.000007      7
40.400000      40.000007      7
40.400000      40.000007      7
40.400000      40.000007      7
40.400000      40.000007      7
40.400000      40.000007      7
40.600000      40.000000      3
40.600000      40.000000      4
40.600000      40.000000      3
40.600000      40.000000      4
40.600000      40.000000      4
40.600000      40.000000      5
40.600000      40.000000      4
40.600000      40.000000      4
40.600000      40.000000      4
40.600000      40.000000      5
40.600000      40.000000      4
40.600000      40.000000      4
40.600000      40.000000      3
40.600000      40.000000      4
40.600000      40.000000      3
40.600000      40.000000      4
40.600000      40.000000      3
40.600000      40.000000      3
40.600000      40.000000      3
40.600000      40.000000      3
40.600000      40.000000      4
40.600000      40.000000      3
40.600000      40.000000      3
40.600000      40.000000      4
40.600000      40.000000      3
40.600000      40.000000      3
40.600000      40.000000      4
40.600000      40.000000      3
40.600000      40.000000      4
40.600000      40.000000      4
40.600000      40.000000      4
40.600000      40.000000      5
40.600000      40.000000      5
40.600000      40.000000      5
40.600000      40.000000      5
40.600000      40.000000      5
40.600000      40.000000      5
40.600000      40.000000      5
40.600000      40.000000      5
40.600000      40.000000      5
40.600000      40.000000      5
40.600000      40.000001      5
40.600000      40.000001      5
40.600000      40.000001      5
40.600000      40.000001      5
40.600000      40.000001      5
40.600000      40.000001      5
40.600000      40.000001      5
40.600000      40.000001      5
40.600000      40.000001      5
40.600000      40.000001      5
40.600000      40.000001      5
40.600000      40.000001      5
40.600000      40.000001      5
40.600000      40.000001      5
40.600000      40.000001      5
40.600000      40.000001      5
40.600000      40.000001      5
40.600000      40.000001      5
40.600000      40.000001      5
40.600000      40.000001      5
40.600000      40.000001      5
40.600000      40.000001      5
40.600000      40.000001      5
40.600000      40.000001      5
40.600000      40.000001      5
40.600000      40.000001      5
40.600000      40.000001      5
40.600000      40.000001      5
40.600000      40.000001      5
40.600000      40.000001      5
40.600000      40.000001      5
40.600000      40.000001      5
40.600000      40.000001      5
40.600000      40.000001      5
40.600000      40.000001      5
40.600000      40.000001      5
40.600000      40.000001      5
40.600000      40.000001      5
40.600000      40.000001      4
40.600000      40.000001      4
40.600000      40.000001      4
40.600000      40.000001      4
40.600000      40.000001      4
40.600000      40.000001      4
40.600000      40.000001      4
40.600000      40.000001      4
40.600000      40.000001      4
40.600000      40.000001      4
40.600000      40.000001      4
40.600000      40.000001      4
40.600000      40.000001      4
40.600000      40.000001      4
40.600000      40.000001      4
40.600000      40.000001      4
40.600000      40.000001      4
40.600000      40.000001      4
40.600000      40.000001      4
40.600000      40.000001      4
40.600000      40.000001      4
40.600000      40.000001      4
40.600000      40.000001      4
40.600000      40.000001      4
40.600000      40.000001      4
40.600000      40.000001      4
40.600000      40.000001      4
40.600000      40.000001      4
40.600000      40.000001      4
40.600000      40.000001      4
40.600000      40.000001      4
40.600000      40.000001      4
40.600000      40.000001      4
40.600000      40.000001      4
40.600000      40.000001      4
40.600000      40.000001      3
40.600000      40.000001      4
40.600000      40.000001      4
40.600000      40.000001      4
40.600000      40.000001      4
40.600000      40.000001      4
40.600000      40.000001      4
40.600000      40.000001      4
40.600000      40.000002      3
40.600000      40.000002      3
40.600000      40.000002      3
40.600000      40.000002      4
40.600000      40.000002      4
40.600000      40.000002      4
40.600000      40.000002      4
40.600000      40.000002      4
40.600000      40.000002      4
40.600000      40.000002      3
40.600000      40.000002      3
40.600000      40.000002      3
40.600000      40.000002      3
